9, 340, 345, 546, 752, 370, 873, 252, 890, 17
11, 485, 965, 551, 711, 547, 121, 922, 342, 590, 365, 38, 132
14
22, 357
34, 361, 84, 626
57, 81, 420, 89, 870, 45, 13
77, 841, 916, 683
78
79, 123, 390, 504, 557, 578, 840, 749, 313, 795, 988, 680, 659, 367, 312, 562, 511, 129
94, 272
101, 371, 234
110, 574, 275, 191, 949, 68, 786
118, 724, 25
124, 709
138
144, 682, 405, 785, 794, 80, 331, 109, 595, 541, 735, 355
147, 173, 667, 829, 656, 5, 565, 670, 991
152, 867
161, 491, 684
162, 883, 692, 601
166, 793, 221, 718, 610, 980
175, 391, 315, 717
177, 678, 135, 842, 918, 235, 447, 182, 338, 668, 808, 230, 319, 655, 529, 527, 449, 588, 857, 493, 439, 997, 503, 830, 494, 31, 907, 924, 917
187, 828, 651, 507, 622, 492, 872, 807, 698, 459
192, 263, 301
197, 775, 580
211, 188, 894, 950, 766, 972, 654, 536, 277, 19, 888, 32, 776, 914, 885, 818, 213, 767, 783, 50, 899, 673, 116, 291, 185, 228
216
229, 149, 450, 679, 608, 53, 602, 437, 696, 255, 688, 764, 634, 329, 434, 985, 240, 862, 332, 189, 734, 290, 467, 782, 464, 837, 585, 897
231, 476, 453, 941, 606
233, 131, 781, 316, 18
244, 20
256, 790, 142, 757, 646, 119, 549, 35, 445, 508, 176, 488, 797
260, 687, 170, 320, 339, 159
262, 834, 108, 544, 314, 360, 827
267, 479
270, 845, 934, 558
276, 451, 498
283, 100, 102, 624, 631, 603, 925, 710
284, 212
294, 219, 979
298, 784, 248, 242, 855, 247, 337, 915, 122
306, 54, 214, 593, 564, 169, 406
309, 970, 548, 474, 383, 300, 347, 323, 802, 296, 774, 322
325, 968, 75
328
374
376, 969, 605, 287, 311
380, 923, 538, 919, 193, 114, 725
381, 133, 648, 805, 528, 43, 657, 414, 304, 543, 693, 878
386, 165, 661, 989, 502, 550, 56, 898, 259, 443, 779, 137
388, 46, 928
400, 906
403, 29, 629, 458, 567, 8, 302, 832, 813, 852, 945, 514
408
416, 271
422, 809, 146, 55, 239, 327, 540
426, 460, 250, 10, 662, 701, 596, 66, 368, 419, 117, 822
428, 512
430, 517, 295, 285, 140, 72
431
438
454, 796, 87, 743, 812, 482
455, 412, 99
469, 773, 223, 457, 446, 563
471, 848, 141, 577, 128, 583, 40
480, 729, 948, 452, 742, 163, 617, 107, 665, 379, 462
489, 747, 436, 186, 395, 690
539, 501, 423, 591, 207
554
556, 825, 74, 909, 392, 920, 358
559, 689, 130
576, 184, 139, 772, 254
579, 518, 377, 472, 947, 49, 938, 354, 126, 954, 167, 155, 346, 569
586, 258, 575, 484, 26, 105, 500, 643, 705, 600, 770, 318
592, 93, 720, 404, 886
598, 850, 758, 755, 366, 921, 838, 674, 477, 227, 929, 910
599, 65, 739, 42, 334, 703, 522, 265, 6, 297, 282, 52, 660, 335, 628, 984, 799, 876, 831, 359, 618, 143, 97, 892, 859, 956
609, 953, 343, 112, 95, 172, 432, 571, 817, 974, 168, 937, 798, 533
623, 442, 153, 874
633, 303, 927, 69, 67, 613, 901, 348, 820, 470, 715, 521, 350, 581, 402, 702, 64, 704, 931, 195, 145, 91, 429, 706, 48, 964, 677, 958, 699, 994, 60, 209, 863, 846, 317, 853, 879, 532, 200, 526, 7, 178, 324, 1, 777, 987, 789
635, 483, 700, 895, 349, 136, 83, 183, 98, 174, 765, 570, 513, 421, 397, 649, 278
644, 762, 753, 636, 106, 246, 944, 663
647, 4, 851, 905, 913, 839, 243, 801, 204, 203, 413, 85, 289, 179
650, 299, 249, 584, 973, 582, 843, 858, 427, 561, 266
664, 241, 525, 463, 896, 505, 96, 666, 537, 672, 208, 943, 732, 226, 202, 835, 326, 760, 490, 750, 36, 811, 971, 125, 751, 884, 336
669
671, 815, 960, 473, 111, 215, 33
676, 864, 516, 535, 719, 933, 653, 589
694
707, 236, 268, 468, 269, 181
712, 939, 151, 385, 194, 761, 748, 352, 353, 523, 691
713
714, 73, 992, 875, 394, 754, 952, 198, 224, 115
723, 321, 912, 962, 616, 519
726, 196
727, 695, 930, 926, 865, 681, 499, 637, 418, 156, 305, 274, 612, 721, 387, 936
737, 641, 810, 148, 280
744, 560, 399
746, 362, 981, 740, 341, 41, 21, 497, 993, 261, 2, 998, 573, 424, 82, 792, 58, 738, 448
768, 308, 995
771, 642, 356, 940, 951, 425, 415, 611, 866, 70
787, 30, 251, 393, 833, 466, 37, 645, 607
788, 456, 461, 417, 15, 708, 273, 619, 481, 154, 120
806, 475, 409
823, 716, 495, 566, 62, 351, 849, 594
826, 803, 237, 396, 778, 978, 103, 16, 904, 893, 553, 88, 730, 990, 856, 819, 780, 524
868, 530, 967, 86, 515, 410, 407, 253, 398, 587, 389, 382, 614, 158, 791, 478, 160, 164, 630, 201, 887, 288
869, 961, 344, 741, 217, 816, 509
881, 638
902, 731, 697, 281, 736, 444, 90, 59, 756, 996, 568, 966, 639, 615, 640, 364, 28, 685
903
908, 433, 71
911, 486, 824, 800, 92, 632, 333, 759, 652, 310, 12, 150, 572, 675, 722, 441, 506, 210, 373, 854, 975, 597, 658, 935, 891, 245, 745, 232, 372, 531, 225, 190, 384, 47
942, 552, 76, 180, 686, 542, 861, 23, 520, 860
946, 728, 510, 293, 821, 555, 620
955, 134, 171, 292
957, 545, 889, 763, 496, 44, 621, 205, 733, 986, 27
959, 39, 534, 61, 440
963, 286, 238, 220, 871, 363, 279, 435, 627, 401, 51, 206, 222, 257, 465
976, 113, 847, 836, 218, 487, 880, 375, 411, 804, 307, 3, 769, 264, 882, 0, 932, 378, 814
977
982
983, 625, 127, 604, 24, 104, 844, 877, 330, 369, 63, 199, 900
999, 157
