0, 4874, 6563, 8706, 6530, 4402, 1138, 3599, 8640, 2772, 608
6, 2206, 4932, 8944, 9307, 7953, 5376, 3907
24, 3709, 6930, 3660, 494, 6146, 125, 8756, 3054, 5135, 2028, 5247, 393
28, 3914, 1692, 9417, 5682
30
38, 9122, 433, 8883, 2403, 8019, 2051, 1386, 3875, 6344, 1680, 2786, 5283, 5561
43, 6728, 6737, 385
44, 7977, 8661, 6282, 1448, 8794, 5175, 79, 3745, 7186, 7524, 6287, 7286
46, 7631, 5819, 2675
50, 123, 1168, 1159, 3712, 6611, 1852, 903, 5795, 8027, 8157, 7216, 7276, 7189, 6551, 9195, 6516, 4123, 3099
52, 270, 5413, 1284
58, 3697
61, 4899, 2723, 4938, 5623, 7737, 5596
64, 3112, 7348, 7150, 5397, 5059, 8448, 6407, 8, 1919, 5414, 9083, 7491, 5743, 1809, 5082, 7298, 9886, 9616, 9244, 5468, 7516, 4747, 8072, 7623, 7341, 8572, 5128, 894, 8266, 4419, 1735, 4771, 315
69, 5012, 8720, 1401, 1047, 4834, 1835, 5111, 9182, 9943, 6991, 6177, 5776, 1126, 1191, 1895
83, 8970, 534
89, 8641
101, 6847, 3812, 7389, 3180, 3489, 8798, 9002, 6244
104, 7203, 3893, 6422, 7427, 1675, 7817, 5972, 8520, 9909, 9637, 316, 5843, 5355, 6093
114, 6095, 6339, 2835, 9730, 1784, 3555, 5952, 4696, 4959, 5402, 3262, 3416, 2475, 9018, 1140
120, 8459, 3356
128, 67, 5105, 5433
129, 1182, 350, 7589, 2292, 8516, 8195, 223, 6386, 9759, 2964, 6963, 219, 1723, 7533, 3251, 665, 3740, 2539, 9632, 7259, 3748, 7027, 882, 1039, 761, 3922, 1205
143, 4011, 4965, 5875, 8216, 3600, 7594, 7224, 1983, 59, 879, 6769, 279, 312
149, 4490, 9932
155, 2233, 5621, 6727, 8916, 6729, 4306, 8490, 4131, 6928, 1577, 6286, 471, 3408, 4496
168, 6270, 4193, 4044, 5095, 4328, 792, 9997, 3776
177, 6212, 299
179, 7319, 5545, 5571, 4000, 935, 9973, 7011
226, 2768
235, 5287, 2730, 714, 2003, 5291, 6038, 844, 7425, 4847
246
247, 3083, 3857, 4230, 3873
255, 3782, 8890, 9, 9378, 4823, 6830, 9644, 8425, 966, 8747, 7692, 6880, 6620, 3396, 5797, 775, 1099, 1841, 3587, 5068, 6624, 1503, 4239, 5782, 5647
259, 8511
275, 7664, 1162, 6122
277, 6715, 9041, 1250, 3487, 5055
286, 9451, 4645, 971
289, 3902
301, 1772
324
330
338, 5161, 4871, 3593, 7456, 7200, 9488, 6103, 2896, 3373, 8423, 7297, 4370, 938, 7373, 8377, 9479, 2971, 6450, 6692, 9306, 1048
344, 3604, 8799, 4344, 9433, 680
402, 8635, 359, 6665, 175, 5198, 5876
406, 4534, 7240, 4700, 2452, 8725, 8690
422, 6429, 4928
424, 7517, 9084, 7073, 9412, 6449, 116, 922, 3328, 6153, 6357, 9911, 1560
425, 8824, 7271
434, 2906
441, 6283, 3721, 4655, 6295, 1256, 3688, 2876, 5132, 7042, 9525, 8359, 8084, 2032, 6743, 593
449, 6894, 5125, 9276, 4705
452, 5222, 7340, 249, 9213, 8348, 486, 2080, 7763, 4357
453, 1531, 964, 7028, 532, 5102, 6973
456, 5357, 3531
478, 9345, 4024, 9033
518, 1336, 8242, 9815, 387, 9772, 9108, 6605, 3701, 7301
519, 520, 6623, 1857, 5003, 2479
530
536
546, 2341, 5194, 439, 8045, 9618, 2611, 6148, 5220, 913, 2023, 4164, 3080, 1370, 1174, 7980, 2413, 9832, 9565, 340, 8620, 6850
551
557
559, 7211, 9252, 8891
571, 4246, 1926, 3095, 3347, 3856
588, 5714, 4733, 2720, 7293, 4441, 9574, 9555, 8284, 2152, 7921, 7234
589, 9089, 8541, 2732
591, 9609
609, 4416, 98, 5999
631, 9741, 722, 8382, 5425, 2614, 1512, 1203, 2908, 1980, 4626, 4438, 5427, 5855, 8655, 5081, 4858, 4893, 4804, 8344
646, 1153, 9593, 8213, 4987, 2863, 7590
647, 2484, 4721, 852, 629
651, 2865, 467, 3581, 1038, 863
652, 4801, 5811, 763, 302, 4292, 7841, 2609
664, 4038, 450
667, 3968
671, 2139, 7693, 9138, 7324, 7134, 2087, 9384, 6675, 8193, 2111, 2447, 5715, 7192, 6947, 5049
676, 9767, 1775, 4017, 8893, 9732, 4907, 1612, 5557, 8930, 5482, 8411, 6923, 81, 1090, 2595, 1575, 8277, 1121, 7188, 1100, 555
712, 6772, 4751, 2430
724
737
744, 8146, 8558, 3749, 9724
751, 5583, 4661, 7184, 7197, 1599, 7547, 1787, 3048
755, 5853, 7452
765, 7520, 766, 6805, 9454, 687, 502, 6150, 6200, 2515, 6306, 6249, 9734, 7112
774, 174, 2265, 9261
802, 5177, 3664, 8419
803, 5964, 2584, 3931, 6140, 3766, 8388, 2234, 4457, 8659, 6503, 3546, 1443, 4742, 7789, 6990, 8122, 3126, 1671, 8695, 4072, 6690
816, 2448, 5944, 4829, 3167, 3007, 841, 9951
835, 4313
839, 2938, 216, 19, 1333, 5872, 1501
846, 8032
854, 6188, 3838, 4844, 1276, 4720, 8139, 4869, 9535, 2498, 9852
855, 6381, 6608, 959, 813, 7363, 5182, 2711
861, 5824, 5056, 4386, 7827, 5905, 3763, 2169, 658, 3563
872
877, 5868, 3972, 6917, 2848, 7899, 4332, 9728, 8727, 5266, 8952, 9934, 341
883, 1643
887, 7982, 1350, 6254, 7139, 1329, 8606, 54, 9080, 9241, 4514, 2148, 217
905, 874, 5728, 2278
907, 3491, 1510, 342, 8238, 3834, 3900, 5412, 613, 1855
920, 7567, 1738, 7218, 3461, 41, 709, 4556, 5997, 6221, 2571, 7811, 8789, 5315, 8941, 9610, 7337
937, 7051, 8223, 3068, 7432, 8586, 6326, 9101, 9982, 9870, 3430, 6988
941, 4394, 9224, 3280, 8234, 2077, 4455, 7787, 7954, 7915, 160, 5774, 2965, 2402, 2509, 3813, 5890, 8137, 5463, 2161, 9285, 2921, 7470, 1180, 9302, 9868, 5489, 2026, 727, 3413
947, 9992
951, 9804, 5842, 831, 5541, 1194, 6544, 3927, 7739, 26, 410
972, 599, 6644, 6956, 2385, 8519, 7481, 4153, 9785, 7929, 105
980, 4279
990, 5091, 9442, 5990, 2126, 5048, 5479
995, 8587, 5167, 2330, 1405, 2426, 6812, 968, 8577, 2821, 2081, 7823, 9104, 5747, 2467, 7405, 3504, 5309, 4667, 1472, 357, 7138, 2125, 939, 5491, 4423, 5474, 4569, 9284, 6764, 7815, 4284, 9879, 4762, 6536, 7116, 5982, 6730, 1243, 3987
1005, 6320, 465
1010, 4241, 7587, 9341, 158, 9509, 9092, 5390
1012, 8178, 6679
1027, 3539, 9803, 9197, 5730, 807, 7612
1035, 2253, 3025, 4581, 9922, 2004, 9489, 6525, 4158, 6574, 8793, 7971, 1610, 1555, 8064, 8897
1062, 4697
1067, 9780, 7513, 5434, 725, 1249, 3372, 8357, 3044, 2769, 1853, 1604, 5506
1075, 6861, 8634, 8228, 5371, 4124, 1808, 772, 3850, 3088, 295, 3015, 9301, 4605, 5246, 4052, 5498, 4450, 3062, 9862, 8378, 9140, 6718, 2326, 1870, 94, 7923, 2420, 7291
1082, 7678, 681
1101, 4752, 6443
1103, 8503, 4197, 933, 7797, 829, 7034, 3362
1105, 7070, 6599, 242, 1385, 9572, 5239
1111, 7844, 6925, 6059, 6586
1114, 3792
1123, 5515, 4474
1128, 6302, 8662, 8478, 8755, 3445, 7578, 9606, 1187, 9210, 1032, 8437, 2845, 826, 6898, 3321, 5721, 6083, 1002, 5628, 9750
1132
1149, 897, 4660, 5821, 2164, 5442, 9143, 7366, 9986, 1486, 3296, 5424, 5576, 5410, 587, 5706, 1624, 9105, 7268, 1225, 4029, 6227, 5001, 9496, 8668, 5640, 7239, 3586, 9882, 7829, 92, 6581, 3532, 6637
1156, 3578, 1085, 6303, 1601, 7246, 7144, 4399, 8982, 1690, 4209, 3437, 2937, 6081
1161
1195
1196, 6760, 1563, 8772, 7110, 5511, 1912, 1287, 4327, 824, 6960
1204, 3556, 6293, 6784, 7515, 2416, 3212, 7868, 6314, 8857
1233, 7775, 7725, 6488, 4221, 6355
1241, 9220, 2348
1242, 542, 1970, 2360, 6003, 9538, 5916, 5501, 9050, 2235
1273, 7489, 5305, 4200
1293, 6025, 1009, 6640, 7296, 9983, 8379
1297, 9575, 1608, 7722, 333, 9778, 4410, 896, 7924, 849, 5133, 7447, 7036, 666, 2735, 6250
1298, 9693
1304
1310, 1426, 2777, 8173, 6051
1313, 7277, 4316, 4691, 388, 7270, 7869, 2445, 2710, 9645, 2638
1321, 5075
1341
1343, 7724, 5166, 3732, 6455
1349, 720, 5045, 9471, 96
1363, 4136
1365, 7014, 8949, 6707, 4668, 2974, 3852, 6556
1387, 7508, 6459, 8937, 4578, 3483, 3575
1391
1407, 4867
1417, 2718, 4106, 8393, 5333, 276, 8105, 9966, 8613, 3218, 6655, 178, 6108, 9696, 3480, 5092, 1435, 553, 3915, 5217, 4828, 1392, 2140, 4739, 6742, 678, 2942
1427, 3911, 3336, 4951, 8845, 1411, 9764, 1863, 2806, 7945, 9139, 6183, 6338, 3840, 9175
1437, 4872
1444, 6559, 3669, 9947
1452, 2993
1461, 828, 5508, 4168, 3133, 7825, 2273, 570, 4536, 5844, 5455, 2437, 5418
1464, 788, 9781, 8332, 376, 6571, 1094, 6542, 63, 2569, 4619, 3197, 115, 1266, 808, 4515, 7881, 1323, 9100, 3851, 2554, 4643, 318, 2059, 504, 6621, 3752, 3942, 5605, 3938
1475, 7258, 7648, 2407
1489
1495
1508, 4870, 8752, 4895, 2519, 9001, 8821, 4549, 9501
1513, 3060, 1179, 8408, 4322, 641, 1172, 8307, 4240, 8570, 6667, 12, 6232, 721, 6071
1523, 2542, 7512, 4787, 9971, 1817, 317, 2812, 2529, 4819, 220, 8698, 4703, 9042, 2082, 9556, 3908, 1042, 1220, 3293, 5674, 7141, 1307, 4657
1528, 489, 5385, 5680, 625, 4830, 9597, 4495, 736, 5805, 7907, 6864, 8338, 2842, 7172, 1965, 6680, 7952, 8779, 134, 8491, 8035, 311, 6720, 2371, 1390, 7840, 395, 1455, 8592
1548, 8581, 8254, 2342, 600, 2893, 8063
1558
1564, 3652, 9827, 3244, 1049, 6983, 3964, 7261
1565, 6364, 3024, 6828
1591, 9117, 8995, 606, 4594, 2370, 4435, 7776, 2800, 4439, 2203, 1885, 4351, 8143, 5460, 6465, 624, 4043, 1146, 133, 4680
1592, 946, 945, 1057, 4137, 832
1616, 4891, 5014, 3916, 1244, 2471, 6914, 244
1617
1626, 1514, 4945, 82, 326, 820, 9131, 4493, 4903, 3729, 3291, 5039, 2070, 3883, 2706, 7957, 1720, 618, 4216, 6529, 9628, 2969, 1890, 8838, 3273, 3588, 1715, 4997
1631
1635
1646, 5053
1651, 7066, 5394, 4714, 3827, 274, 228, 3018, 9193, 1314, 2224, 8919, 5829, 1916, 2008, 4973, 78, 1491, 4314, 1761, 3658, 9242, 5884, 9984, 4366, 4319, 9448
1653
1657, 5363
1658, 8608, 5970, 1469, 3574
1670, 1395, 921, 7376, 8812, 6050
1673, 7985, 2695, 1529, 3032, 4371, 8583, 9661, 7819
1676
1679, 9429, 9552, 3980, 8615, 3466, 8527, 6013, 3814, 640, 8289, 2075
1681, 8549, 8384, 4662, 1825, 2244, 4879, 529, 1275, 9081, 9564, 3381
1685
1686, 5915
1688, 9313, 9279, 2101, 7889
1689, 5312, 668, 8969, 1199, 2616, 2909, 948, 4560, 8431, 5828, 4878
1704, 5188, 9170, 970, 8405, 7549, 1089, 1903, 7131, 3188, 5353, 6185, 9493, 7374, 4132, 5294
1717, 6228, 9304
1721, 6176, 6490, 4713, 2014, 9392, 7877, 4500, 6001, 9936, 2627, 5259, 5313, 1366, 821
1729, 5079, 1660, 6885
1743
1752, 8827
1756, 1630, 8455, 1312, 830, 8841
1765, 473
1783, 628, 1760
1792, 5494, 8297, 1506, 2105, 9418, 7732, 6627, 1747
1795, 9895, 5803, 1133, 8679, 2116, 1212, 9744
1796
1797, 253, 507, 1460, 711, 4258, 6126, 1379, 6671, 2634, 5452, 9953, 7703, 5505, 4338, 4172, 3247, 9008, 9053, 261, 6952, 8058, 9356, 5195, 3954, 2280, 3698, 2810, 1889, 165, 7441, 7699, 7989, 5485, 4999
1798, 8267, 9475, 8488, 8203, 6588, 2086, 9372, 6859, 5011, 2299, 4465, 5387, 9402, 7934, 5395, 9347
1803
1805, 2236
1823
1837, 7550, 7169, 7973, 2147, 3945, 3419, 2216, 6123, 443
1844
1845, 590, 8617
1869, 377, 8199, 5945, 1705, 9408, 4580, 2144
1872, 6304, 6652, 8920, 4212, 7266
1874, 7061, 4380, 3382, 1129, 3392, 5932, 5866, 2514, 9634, 1166, 1080, 366
1877, 7121, 7908, 4768, 6617
1879
1881, 3154, 2388, 2190, 6328, 6400, 417, 657, 1995, 4259, 1708
1886, 6545, 2912, 3896, 3564
1918, 1987, 8958, 9755, 9278
1941, 7733, 3804, 6958, 6080, 8353, 7050, 3275, 337, 1938, 6534, 5878, 4166, 9477
1948, 8467, 8381, 9249, 4791, 3786, 9563, 6467, 5677, 7085, 4889, 3948, 3683, 6546, 9439, 6915, 1725, 1431, 9342, 5021, 9915, 6336, 7310, 9287, 6651, 9229, 8987
1955, 4067
1956, 3125
1959, 4695, 5157, 2565, 9679, 5073, 2155, 1674, 9107, 3624, 4629
1966, 1763, 3050, 7464, 7294, 8318, 5908, 257, 3211
1981, 2824, 5088, 2282, 4963, 7226, 9865, 9798, 4454
1985, 1814, 6935, 8903, 9030, 8060, 691, 3557, 1102
1986
1991, 3686, 3276
1999, 8590, 9899
2005, 9754, 9232, 6210, 5566, 7847, 9540, 7867, 9898, 7754, 8685, 1927, 6791, 7222, 3920, 2801, 476, 8214, 4320, 6460, 8170
2007, 4270, 7187, 8055, 9779, 3243, 6371
2025, 5016, 7965, 4734, 2899, 437, 8800, 7198, 1620, 3137, 4463, 1175, 7220
2027, 2983, 2747
2045, 2176, 6078
2046, 2305
2048, 9725, 352, 1637, 2428
2056, 9511, 4061, 1109, 1818, 5165, 8443
2060, 1547, 8166, 2421, 1534, 5160, 2286, 2655
2061, 4331, 2215, 5666, 9299, 7179, 5744, 6269, 4579
2069, 6475, 8497, 8733
2072, 6118, 2809, 3962, 7295, 3618
2074, 5989
2089, 9976, 8201, 610, 4542, 7396, 3283
2104
2106, 3312, 7661, 2553, 8197, 362
2108, 8023, 9167, 3168, 1865
2129, 8618, 9682, 7662, 2110, 1667, 8471, 4135, 5373, 2990, 8576, 741, 2090
2133, 6832, 7350, 9067, 2182, 2213, 5281, 8651, 3582, 8713, 3136, 8734, 6137, 764, 7375, 9160, 6277, 5339, 6481
2138, 8730, 3741, 655, 2733, 6687, 172, 2984, 5834, 5959, 1442, 5415
2146, 2427, 1420, 9529, 7880, 6017, 1091, 7992
2149, 3132, 2336, 2093, 636, 7290, 568
2157, 9544, 8743, 7988, 5659, 5671, 1963
2160
2163
2172, 481, 961, 9357, 3508, 9515, 8424, 1922, 9275, 9975
2195, 6659, 5063, 8038, 978
2198, 3241, 9758, 2756, 9202, 3928
2208, 6756, 7887, 2596, 6406, 218, 2460, 3659
2220
2229, 4964, 4429, 5101, 1750
2247, 3304
2249, 4646, 8231
2268, 9822, 890, 2594, 3540
2276, 9359, 2375, 6800, 3986
2296, 2405
2308, 7837, 5702, 7518, 2394, 4417, 6508, 2623, 8692, 9903, 6549, 3826, 199, 2694, 4126, 2788
2316, 7316, 6863, 2701, 5603, 1317, 42, 1480, 6213, 2209, 9887, 8750, 4161, 2803, 9960, 6162
2325, 2968, 6866, 1533, 1753, 817, 6641, 7801, 2368, 6767, 7305, 1830, 4498
2334, 7784, 4
2338
2354, 2690
2392
2395, 9110, 4359, 7956, 4304, 7163
2396, 8415, 3650, 1389, 7540, 5057, 2980, 6024, 2798, 37, 6329, 5344, 9265, 4795, 2021, 8426, 9375, 8460, 7262, 1234, 6090, 5590, 5272, 3525, 4930, 5438, 4303, 9518, 8206, 8723, 853, 508, 1517, 5475, 7535, 1404, 4718, 5614, 8665, 3484, 3409
2399, 5860, 940, 1440, 6962, 3759, 4610, 5403
2406, 2410, 6365, 914, 8402, 9219, 1415, 3713
2412, 9527, 9295, 1862, 4223
2423, 7707, 9203, 8547, 1073, 615, 1004, 5447, 3436, 9447, 2671, 1219, 9994
2443, 9908, 4272, 411, 3527, 2737, 7991, 809, 7813, 5939, 1788, 1896, 266, 5350, 5242, 4766, 4816, 4914, 7663, 9060, 1074, 8802, 9370, 7865, 6857, 5773, 8119, 9312, 9365, 298, 2815, 7391, 3449, 6643
2446, 7159, 1793, 5085, 3100, 2920, 9467, 2079
2462, 8876, 1014, 343, 9920, 6042, 7959, 7415, 9774
2463, 4362, 7191, 5359, 3384, 1585, 7895, 231, 3341, 4864
2468
2491, 4681
2500, 4748, 2439, 6109, 7287, 4510, 4576, 6222, 1302, 6954, 7532, 2850, 7347, 8917, 103
2501, 5900, 7046, 4499, 1320, 2289, 6218, 1902, 5887, 5252
2507, 3628, 5584
2524, 4722
2558, 2951
2577, 5653, 416, 5103, 4187, 3078, 7572, 3171
2580, 5093, 4489, 5592, 9487, 348, 2506, 7668, 8994, 5007
2586, 2100, 4673, 5850, 7766, 3616, 9756, 5823, 7943, 4588, 6479, 3259, 9843, 5286, 931, 9913, 707, 7697, 3331, 5208, 5260, 592, 3635, 7140, 7238, 5451, 1861, 9048, 6694, 1272, 9541
2589, 5462, 6361, 8534, 6557, 7850, 7053, 7499, 4904, 6127, 6175, 7206, 6272, 4364
2590, 9582, 684, 9588, 9647, 9694, 9409, 1541, 4896, 1826, 885, 6899
2604, 4481, 8684, 4841
2606, 7395, 6689, 2159, 4078, 3521, 1134, 7531, 5199, 6568
2617, 7480, 8286, 5794, 488, 5642
2630, 3457
2645, 6439, 131, 1840, 2482, 288
2646, 4535, 7673, 4602, 1364, 1181, 7883, 4482, 8687, 4710, 7875, 5763
2664, 4128, 1020
2668, 2319, 9320, 4559, 1850
2669, 3613, 2591, 8748
2672, 1227, 8594, 6776, 6658
2680, 5457, 1900, 4723
2684, 2436, 8207, 541, 2055, 4173, 6700, 9573, 6660, 7627, 4384, 7644, 8508, 2031, 5156, 2833, 3667, 2947, 1151, 523, 7771, 8601, 7654, 2505
2692, 4113, 498, 7012, 9901, 7056, 1438, 1520, 1578, 7828, 4955, 7746, 8062, 2217, 8192, 8600, 893
2699
2702, 7397, 7947
2717, 6723, 4333, 3234
2751, 9962, 2058, 6550, 3798, 9650, 8852, 5935, 8675, 7667, 8853, 9233, 9933, 5237, 4479, 3561, 1231
2752, 5927, 6872, 6217, 8029, 6297, 8981, 9791, 4678, 3369, 5757, 5631, 7894, 6094, 6012, 8849, 7752
2775, 4553, 7570, 9669, 4293, 1025
2778, 5635, 7546, 9521, 1135, 3284, 4698, 367
2779, 1061
2783, 5255, 55, 672, 3163, 9733, 2953, 544, 6268, 6793, 2041, 1801, 5280, 7779, 8225, 5662, 7592, 6387, 8512, 5279, 8766, 8451, 801, 2487, 3636, 9680, 5212, 9431, 1246
2785, 6635, 9401, 2885, 974
2791, 9848, 440, 8992, 2836
2805
2807, 5478, 327, 3973, 9406, 6099, 9098, 6683, 1849, 6638, 6164, 9497, 9192, 2873, 3949, 4603, 5938, 5578, 6202, 8208, 3192, 4707, 5354, 9795, 5017
2823, 5388, 2520, 4574, 1334
2837, 7063, 9508, 6035, 5033, 5871, 1383, 798, 1394, 145, 4121, 3668, 4321, 4141, 9742, 5383
2844, 4990
2854
2861
2880, 8652, 1326, 9190, 5140, 8167, 1777, 1024, 7322, 8934, 5769
2881, 5716, 2294, 4275, 3414, 8450, 8927, 1445, 1290, 5765, 900, 3687
2886, 4736, 9286, 4145, 2246, 8412, 5837, 5029, 6292, 8409, 5543, 6087
2887, 1727, 6119, 9288
2890, 1935
2894, 6267, 1110, 3313, 1221, 5841, 6348, 7832, 6289, 3674, 769, 9246, 144, 3185, 2073, 517, 4294, 9113, 2704, 6967, 695, 1303, 6920, 6921, 9343, 2205, 4792, 1116, 1433, 9004, 18, 497, 5115, 9928
2898, 2054, 6697, 7747, 8775, 2095, 916, 1596, 7115, 8474, 201, 6414, 4356, 2290, 3374, 7706, 1992, 6208, 2563, 9821, 4794, 1904, 7559, 6653, 5322, 7097, 1713, 3286, 2483, 6595, 1482, 1537, 8209, 2381, 2648, 928, 2767, 4405, 6264, 3918
2904, 25, 2287, 4077, 3969, 5107, 1584, 4403, 3848, 3646, 6856, 3238, 9757, 930, 983, 8582, 2773, 4988, 4329, 2782
2907, 193, 1929, 5292
2918, 4282
2930, 9965
2936, 6110, 2237, 4391, 4946, 7768, 8131
2948, 1571, 7660, 5804, 1559, 9007, 4138, 6076, 6879
2949, 3815, 9523, 5235, 805, 5137, 3311, 8844
2972, 1522, 2998, 2191, 2145, 9507
2977, 9599, 3203, 3161, 382, 9854, 3629, 7329, 2083, 1820
2986, 1663, 4413, 2929, 9485, 4782, 9214, 214, 3367, 23, 3999, 1973, 3440, 2485
3003, 9019, 1396, 4799
3005, 2663, 8309, 5988, 3569, 3865, 6102, 533
3010, 5708, 7199
3011, 4597, 4483, 5241, 4611, 9729
3023
3033, 3549, 9607, 5139
3056, 4269
3057, 6043, 7504, 9586, 2562, 4297
3058
3063, 7416, 5669, 1344, 9350, 6931, 1229, 4341, 7604, 6234, 2171
3081, 4944, 1236, 6066
3087, 4726, 8138, 3227, 4014, 4339, 563, 6721, 3876, 9221, 9414, 660, 7970, 4418, 7455
3102, 9314, 6903
3106
3108, 9594
3110, 2913, 2065, 3849, 833, 3375, 5522
3115, 9745, 7757, 9388
3121, 583, 430, 4147, 4617, 6910, 7502, 8881, 3971, 2313, 1115, 8626, 6236, 5432, 2660, 1450, 8518
3124, 8630
3128, 4472
3129, 9907, 7606, 368, 4103, 6233, 5960, 1540, 3870, 5232, 2957, 3310
3152, 8741, 3454, 2544, 6105, 8404, 9091, 9568, 1627, 5568, 3643
3158, 1932, 5358, 363, 7275, 5806
3174, 4195, 281, 4634, 6209, 3064
3183, 1372, 8003, 6195, 9116, 7403, 5176
3187, 6223, 4023
3191, 6966, 4407, 3085, 1930, 2864, 2956, 7387, 1659, 6324, 2656, 969, 7745, 2272, 7958, 3817, 915, 2034, 2879, 8983
3200
3207, 6712, 5816, 9946, 159, 2454, 8310, 7126, 9820, 8663, 7111, 3071, 1071, 7764, 7854, 5558, 451
3214, 187, 6440, 5484, 4020, 5100, 8716
3258, 3047, 9185, 6926
3260, 1077, 6408, 8875, 2925
3261, 9445, 7645, 8116, 3685, 418, 113, 838, 6510, 5656, 1923, 8563, 5480, 9894, 5275, 7306, 6900, 2361
3265, 197
3266, 745, 3845, 7769
3277, 9159, 2102, 2393, 7486, 7010, 9662, 2944, 2084, 7749, 4310
3278, 7951, 8069, 4983, 9071, 7483, 4114, 6589, 6259, 5285, 233, 6955, 5249, 6468, 6908, 8962, 5244, 4790, 7168, 7960, 4392, 3780, 7048, 7762, 3314, 8453, 5233, 5074
3287, 444
3299, 5341, 4451, 902, 7538
3303
3306, 9074, 7445, 5825, 5588, 4049, 1285, 8757, 901
3322, 4743, 7335, 3880, 273, 3560, 4348, 6703, 313, 4453, 224, 7433
3338, 7442, 7770, 859, 3589, 5849, 2166, 3963, 8578, 2510
3343, 1041, 6673, 650, 6701, 7413, 5840, 1924
3359, 6572, 2713, 3579, 9513, 984, 2256, 1267, 4133, 3226, 7751, 7069, 7677, 1152, 567, 1586, 1754, 4648, 7035, 8361, 6749, 6823, 8686, 2696, 2177, 2429, 7409, 9250, 1891, 3395, 3861, 6816
3361, 1693, 4408
3371, 8945, 3554, 6020, 1299, 677, 836, 1305, 8124, 9144, 991, 3065, 4214, 2693, 9234
3385, 1744
3387, 5617, 8809
3401, 5293, 617, 5969
3417, 4682
3418, 742, 5134, 1925, 7399, 9714, 503, 9115, 8076, 7716, 2572, 4808, 4528, 7809, 1758, 8097, 2373, 7106, 1001, 4242, 111, 9141, 3223, 3213, 5713, 7577, 1819, 2888, 9123, 9949, 6432, 888, 5553, 7682, 7619, 977, 1107, 3583, 1228
3423, 7015, 8016, 8931, 9200, 4976, 8556, 265, 1500, 8260, 3769, 1003, 6604, 5529, 4960, 8807, 565, 8825, 7369, 3917
3425, 1802, 9494, 1535, 6427, 5290, 10, 4774, 4326, 5946, 2269, 8224, 2513
3429, 3832, 6695, 6938
3447
3469, 9456, 501, 3923, 2384
3476, 1043, 4367, 7705, 8823, 4436, 3733
3477, 6332, 659, 8776, 8389, 9174, 459, 8614, 6838, 3912, 2919, 3308, 6781, 5334, 634
3478, 2508
3486, 7354, 2062, 1976
3490, 4837, 3435, 6307, 5791, 4919, 688
3507
3515, 7729, 7795, 8564
3517, 8764, 2022, 9148, 3783
3519
3526, 3909, 1515, 2353, 4276, 138, 7931, 7892, 5228, 3718, 7431, 564, 3082, 2653
3537, 2444
3565, 7269, 3034, 6785, 6613, 1759, 9877
3571, 9282, 1984, 8012, 4170, 7469, 9641, 6179, 8543
3572
3577
3580, 8991, 7041, 4267, 1167, 454, 5892, 2793, 4996, 4699, 5472, 5808, 8667, 2226, 7154, 8479, 9484, 258
3585, 4349, 5606, 436, 5703, 2318, 5809
3597, 5869, 8387, 6688, 9855, 6349, 6848, 3190, 9738, 1556, 2557, 3690
3608, 4285, 4570, 9818, 2543, 4573, 3699, 9029, 6548, 491
3609, 3035, 3146, 8745, 673, 6827, 5894, 3164, 4814, 9506
3611, 8328, 7653, 3105, 5664, 7849, 8394, 1288, 7128, 1745, 1867, 6676
3632, 3111, 4920, 2721, 8376, 6473, 6543
3642, 8782, 8292
3645
3656, 1532, 6751, 7557, 2530, 1856
3676
3679, 8165, 7919, 4152, 8145, 5431, 7742, 892, 8636, 369, 1614, 6919, 1476, 4039, 2063, 3985, 9121, 2792, 7352, 4238, 521, 6214
3700, 409, 6755, 5537, 7496, 6596, 8740
3717, 8290, 1232, 6375
3720
3724, 2112
3725, 8174, 3415, 7936, 8967, 358, 3123, 2799, 6401, 6369, 9419, 2973, 3614, 2432, 2649, 5799, 7541
3727, 5717, 8754, 5013, 151, 5180
3730, 7213, 9400, 8128, 4467, 4817, 2714, 9519, 6985, 283, 1947, 1257
3744, 9677
3747, 9181, 163
3755, 9591
3757, 8724, 80, 5174, 8871, 3216, 3501, 8152
3760, 771, 6461, 919, 3339, 7860, 4030, 365, 1030
3774, 9267, 6342, 9707, 505
3775, 2306, 4273, 2424, 7944, 8305
3777, 4028, 5295, 9322, 5928, 3366, 3543, 4533, 9600, 566, 9281, 9082, 3043, 7744, 6023, 884, 6061, 2009, 5957, 4994, 3307, 2679, 4452, 1864
3781, 5940, 715, 9923, 1833
3790, 2255, 8489, 8571, 3935, 1742, 3552, 4225, 8288, 7339, 4139, 605, 7002, 9043
3791, 185, 3654, 3995, 8817, 7132, 2585, 110, 8175, 5203, 2831, 6010, 2257, 4346, 5956, 5486, 6911, 9377
3803, 2917, 8915, 267, 7453
3829, 8071, 3558, 6039, 7857, 9885, 3952
3846, 2988, 5271, 1910, 7009, 3998, 4665, 6037, 4198, 4589, 9032, 689, 8555
3887, 8268
3888, 9989, 1485
3901, 6809, 6698, 6892, 7439
3903, 3689, 5800, 2134, 8065, 2738, 95, 4806, 1088
3936, 8932, 2802, 5422, 6482, 167, 5570, 121
3965, 9037, 1255, 423, 585, 1751, 5268, 3289, 6280, 2311, 9801, 7519, 1944, 5701, 4361, 3772, 694
3976, 9673, 4832, 524, 4056, 8432, 8340, 3252, 4311, 2989, 8828, 5210, 8999, 7861, 9537, 9939, 1998, 6796, 8552, 4727, 4016
3988, 9327
3993, 9504, 1268, 7710
4004, 3119, 7510, 5419, 5052, 2902, 5746, 8417
4013, 9124, 3332, 3357, 1668, 4601
4015, 4154, 2518, 1834, 5595, 3899, 1361, 3644, 1768, 222, 8390, 5114, 7522, 1019, 7856, 5528, 6942, 1914, 5401, 6654, 663, 9149, 1656, 1309, 9878, 9166, 9169, 4424, 1262, 6626, 5832, 6705, 6166, 9334, 579, 5554, 1356
4021, 3333, 7152
4027, 3407
4040, 3796, 3142, 1278, 2994, 5183
4046, 4206, 9260, 2618, 6553, 2078, 7109, 6170, 4985, 8326, 6750, 623, 910, 4134, 3692, 2612, 5256, 2495, 7621, 706, 8629, 845, 6629, 1104, 8293, 483, 5502, 9853, 2001, 3678, 9179, 3073, 140, 4935, 1800, 7406, 3279, 3805, 6206, 960, 9111, 9222, 4551, 146, 2476, 522, 4962, 7095, 8933, 5681, 6144
4047, 2647, 7315, 8718, 1254, 2453
4048, 7021
4051, 6124, 4565, 1439, 2185, 7100, 5046, 6576, 958
4057, 9264, 6041, 2749, 2019, 8953
4062, 6092, 3800, 4511, 5130
4063, 8504
4068, 204
4069, 9133, 1015, 6392, 5925, 3380, 6425, 9361, 2639, 6609, 2042, 7503, 3631, 5170, 1858, 7833, 4833, 7273, 6252, 9713, 9893, 7264, 5675, 7882, 1327, 649, 9916, 4404, 9255
4074, 5852, 5604, 2910, 7933, 7669, 380
4079, 9191, 2067
4083, 9383, 6881, 3458, 7459
4086, 866, 9132, 8198, 6201, 645, 5788
4091, 1848, 575, 5035, 4543, 1557
4101
4102, 1136, 7263, 7917, 6308, 635, 8041, 284, 6048, 2301, 9896
4104, 2135, 2819, 3169, 4460, 4915, 4936, 135
4105
4115, 9016, 620, 328, 1373, 8327, 7435, 9364, 6636, 2640, 619, 3036, 5697, 9416, 2120, 4162, 7365, 7571, 5626
4142, 777
4144, 9404, 9201
4155
4163
4165, 6664, 2127, 7624, 1210, 4458, 4308, 2408, 3352, 5619, 9106, 6497, 4627, 2362, 5550, 4411
4167, 2221, 321, 8154, 2740
4174, 5374, 1378, 8524, 4305, 2390, 5060, 2629, 4213, 1178, 4911, 1868, 8760
4181, 8714, 4070, 9118, 1892, 857, 9902
4182, 3215, 8674
4186, 4022
4191
4194, 9516, 5488
4204, 1748, 6199, 251, 5310, 8642, 6319, 171, 4289, 5347
4210, 9218, 7043, 3316, 3710
4215
4220, 1213, 9303, 457, 8539, 3254, 9259, 8075, 4199, 3379, 864
4224, 7153, 132, 3691, 8872, 2346, 8324, 5985, 8551, 8607, 1699, 6288, 7449, 2414, 7806, 9630, 3696, 6674, 7830, 4716, 8993
4226, 4980, 9049, 3424, 364, 8621, 6843, 3884
4227, 578, 3672, 5504, 8585, 1479, 5601, 4998, 6018, 107, 1410, 2597, 994, 6168, 1945, 9120, 6981, 526, 4622
4232, 4813, 9460, 8554, 2376, 2312, 9658, 1878, 8091, 3551, 8712, 1158, 7475, 5108, 3053
4235, 6074
4243, 5399
4244, 189, 7615, 7582, 8858, 2847, 2212, 5904, 2521, 934, 6139, 2795, 9328, 2266, 7727, 5955, 3040, 6009, 6423, 4122, 3762, 3818
4250, 5897, 6207, 3175, 8296, 1997, 4324, 2488, 1318, 6238, 1141, 3831, 2537, 4159, 9977, 4978, 2960, 65, 8498, 2758, 1468, 8627
4251, 3184, 1828, 8892, 1594, 9154, 6388, 3394, 1040, 9579, 6773, 1368, 5054, 8372, 5216
4262
4278, 5321
4283, 1223, 4941, 6870
4300, 7040
4302, 5574, 698, 5364, 6243, 8342, 1703, 7118, 1722, 4948, 2849, 2816, 5382, 6515, 7800, 3097, 1066, 4784
4307
4337, 1710, 57, 394, 4972, 2628
4377
4395, 8791, 427, 7099, 3245, 6021, 5276, 5637, 1274, 8701, 3872, 2322, 8311, 3117, 1641, 3470, 5155, 5189, 137, 1884, 3324, 5420, 6294, 6483, 9379, 9598, 4738, 683, 6982, 5521, 1662, 9991
4412, 7804, 8562, 6445, 3858, 3256, 3538, 5667, 3109, 119, 7151, 950, 7902, 8280
4427, 7640, 487
4428, 5979, 7568, 106, 458, 141, 8187, 3651, 8434, 3982, 7419, 2333, 1282
4432, 1292, 278, 5792
4434, 2846
4461, 4550, 5918
4468, 7393, 811, 3612, 8301, 1308, 3420, 9651, 3319, 7812, 4372, 5365, 7326, 5787, 5243, 4098, 8699, 1644, 4317
4478, 6120
4503, 552, 9031, 1419, 7730
4505, 7207, 4041, 7964, 4789, 1478, 4288
4507, 6761, 7147, 9015, 460, 8657, 6240, 4862, 3122, 6639, 3360, 9382, 9363, 211, 8985
4508, 5318, 1470, 1197, 6802
4540
4562, 7364, 2608
4564, 7814, 7202, 7802, 1648, 1456, 7603
4583, 2922, 2383, 4431, 4644, 6290, 1894, 9603
4585, 9366, 4088, 2560, 8015, 4865, 2797, 2037, 475
4591, 3309, 1423, 6489, 8118, 303, 7033, 723, 2959, 6941, 1493
4598, 9258, 7367, 573, 9926, 7712, 2251, 1757
4599
4606, 818, 90, 2049, 4917, 4892, 336, 5727, 8352, 7879, 2006, 56
4641, 3673
4654, 3008, 3520, 1576, 1764, 9225, 7871, 7529, 6806, 2335, 4502, 6538, 2309, 9819, 9309, 3399, 9333, 7108
4663, 260, 790, 3439, 9127, 477
4669, 3370, 2329
4674
4689, 3706, 5655, 537, 4729, 710
4704, 6220, 1406, 6748, 6231
4706, 5205, 8502, 1207
4715, 9776, 7912, 3661, 8984
4756, 9413, 630, 190, 8094, 4572, 5129, 3794, 7824, 3103, 3194, 9927, 8442, 8612
4757, 7554
4761, 8461
4765, 6216, 3671, 9698, 6474, 5693, 9478, 5609, 2787, 4590, 3031, 8330, 8031, 9020, 2323, 4466
4767, 5348, 6281, 9436, 7465, 2349, 8523
4797
4802, 7913, 3547
4803, 6512, 3895, 169
4809
4810, 6457, 6554, 2143
4815
4821, 740, 9796, 602, 1068
4824, 3719, 2358
4835, 3198, 6684, 1488, 2901
4848, 8011, 435, 182, 99, 186, 8514
4856, 3079
4859, 3926, 9531, 9861, 21, 6054, 4842, 2790, 1893, 6305, 3479, 3824, 5612, 1142, 9505, 5802, 8604, 5006, 1467, 6049, 3853, 1208, 6533, 4587
4860, 4557, 6424, 194, 8014
4866, 4717, 1519, 1639, 4037, 5282, 1186, 8729, 7167, 3802, 9929, 797, 4719
4894, 5968, 238, 7605, 8774, 8935, 2686, 3970, 3141, 989, 9047, 5230, 5564, 9944
4905, 6085, 2274, 8770, 1148, 7087, 4890, 1936, 7979, 8950, 4157, 9142, 7853
4906, 2654, 2716, 40, 1193, 4898
4909, 2568
4922, 5790, 1145, 6165, 420, 2652, 1295, 8283, 8406, 4532, 9794, 842, 8818
4925, 3957, 9090
4926, 1388, 3592, 7390, 468, 1880, 9904, 796, 4671, 8639
4931, 2297, 8711
4939, 1982
4952, 770, 5538, 1157, 2259, 9735, 7251, 1634, 5213, 7521, 2746, 2610, 9215, 6939
4953, 806, 8898, 4649, 3863
4954, 5936, 4981, 3879, 1331, 1505, 3929, 8196, 8358, 1568, 3116
4958, 785, 6567, 2478, 3345, 5847, 7922, 5933, 7156, 5450, 8753, 9998, 8787, 9646, 3536, 5196, 4233, 1593
4961, 1968
4967, 9291, 675
4970, 1860
5002
5005, 1822, 2877, 6046, 6746, 3735, 4211
5008, 3493, 4291, 5392, 3228
5019, 5437, 5719, 3267
5030, 795, 7279
5036, 6580
5047, 8691, 8168, 6882, 556, 2538, 469
5050, 2315, 7494
5062, 2825
5064, 209, 4812, 5980, 2736, 2470
5069, 569, 6389, 973, 7, 5150, 9517, 8951, 6873, 147, 5094, 512, 6458, 4420, 5298, 1554, 4517, 9207, 5159, 8509, 6161, 2300, 8869, 682, 6084, 183
5070, 4400, 7248, 875, 9369, 3028
5109, 2379, 6949, 8413, 9867, 8895, 3107, 4299, 8867, 3975, 2599, 9704, 4633, 3502, 4026, 308, 2168, 2511, 1247, 716, 3607, 5084, 7756
5118, 1400, 2044, 6192, 9482, 6691, 2914
5127, 9464, 1289, 11, 3263, 909, 791
5147, 5766, 9073, 4760, 3452, 1034, 5645
5151, 8628, 3943, 1706, 1188, 3847, 3434, 9491, 1137, 9813
5154, 291, 3548
5168, 7839, 9514, 4613, 6033, 1711, 2891, 7505, 9558, 3704, 8082, 9881
5181, 8496, 8436, 4245, 8315, 549, 9061, 815, 3626
5187, 2397, 5026, 3340, 6437, 4298, 713, 7385, 4640, 7566, 7920, 3562, 9752, 6524, 492, 5362, 8366, 1766, 3364, 9474, 7864
5191, 1733, 9978, 7181, 8370, 5231, 1430
5193, 9396, 2658, 545, 6006, 738, 4642, 7410, 4271, 5922, 9548, 8708, 2231, 6331, 6346, 5542, 2344, 7639, 9880, 9296, 3591, 6603, 322, 8135
5200, 1277, 8227, 3443
5207, 7891, 9917, 4519, 4527, 3665
5211, 6661, 5512, 5594, 3157, 4783, 9557, 4192, 8396, 7013, 3471, 3143, 5190, 7223, 2285, 2661, 2328
5215, 8050
5229, 6929, 4065, 7634
5251, 6869, 7753
5254, 7065
5257, 4567, 6494, 3412, 5328
5262, 2389, 9743, 1732, 360
5304, 9490, 2709
5316, 1393, 5886, 856, 7182, 1053, 4218, 7708, 4683, 1459, 9524, 4286, 8043, 6477, 3754, 5379, 3199, 4374, 988, 8114, 9336, 3662, 5465, 7022, 1755, 1494, 4563, 1821
5323, 6382, 4368, 7332, 3272, 4073, 5126, 1618
5324, 6180, 1147, 4956, 3695, 4968, 6265, 4019, 6362, 6946, 3606, 6768, 5172, 2547, 4539, 6732, 314, 2002, 229, 8611, 5678, 8963, 8622, 152, 6036
5326
5336, 2626
5337, 1300
5346, 693, 2760
5380
5384, 1056, 9093, 9753, 3209, 7758, 7372, 7904
5400, 3224, 7808, 3807, 7595, 3004, 1362, 6451, 3511, 6374, 7418, 1018
5404, 643, 6547
5405, 7523, 6351
5411, 1771, 3118, 747, 2780, 62, 6618, 4031, 2223
5423, 8053, 9810
5441, 5525
5446, 1398, 9006, 7734, 696, 8942, 9793, 5142
5476, 2516, 4916, 2697, 6128, 9158, 7738, 5104, 918, 8936
5507, 2855, 4623, 4513, 6662, 1909, 9812, 5338, 2869, 704, 4092, 6601, 9068, 6884, 6271
5516, 5696, 1130, 499, 9069
5530
5534, 7482, 9605, 8588, 9212, 2076, 7675
5535, 4064
5540, 962, 869, 7500, 6225, 3077
5555, 7124, 4615, 2466, 5636, 944, 7122, 7966, 3498
5556, 1453, 6693, 1319, 642
5563, 1590
5569
5579, 3237, 1700, 2040
5581
5589, 9906, 3703, 6239, 2232, 4537, 2369, 3114
5598, 2755, 7133, 1964, 7969, 1739
5600, 9472, 6298, 29, 5864, 4109, 5738, 7381, 8786, 653, 3694
5616, 8212, 2271, 3620, 7562, 426, 7544, 8347, 3841
5618, 7219, 4796, 8134, 9685
5620
5633, 1972, 4820, 5672, 1967
5639, 2038, 4753, 9099
5641, 9802, 2822, 239, 8422, 227
5649, 1767, 262
5650, 4688
5651, 5613, 5343, 2700, 7778, 5263, 3505, 5051, 5539, 9198
5654, 2137, 36, 3442, 2363
5657, 2991, 6887, 5250, 5695, 5630, 22, 9331, 2932, 5560, 8707, 9719, 4130, 77
5663, 7610, 2928, 9271, 7400, 207, 5877, 2113, 9905, 3388, 4694, 8965, 8631, 3162, 6495
5670, 1812, 9995, 9444, 9391, 2564, 2724, 3320, 7720, 474, 6663, 3127, 2770, 5421, 1778, 4516, 280, 5661, 294
5684, 4927, 7302, 1471, 6333, 6999, 1769
5685, 3820, 6438, 3475, 1280
5687, 6097, 7017, 5740, 6974, 5192, 4690, 7905, 9775, 586, 8186
5694, 1399, 9864, 1843, 8973, 8279, 6561
5704
5707, 2030, 8392, 4449
5726, 4670, 8859
5732, 7064
5735
5742
5748, 2241, 5698, 9432, 1846, 7684, 2776, 5942, 5676, 3433, 8784, 9062, 53, 8000, 7003, 2981, 404, 8364, 2303, 3566, 7620, 198, 4422, 3386, 4975, 287, 9875
5752, 7091
5756, 8463, 9648, 6121, 1623, 8282, 5226, 8796, 4334, 5289, 6893, 8868, 2525, 2222, 1928, 7164, 5032, 7530, 8040, 4151, 562
5768, 6528, 8244
5771, 1355, 339, 2871, 208, 3944, 7918, 8804
5775, 4129, 4849, 4639, 375, 5297, 1487, 2291, 9376, 5361, 2343, 4918, 2252, 2189, 4120, 7937, 1773, 8977, 6284, 9985, 4177, 7267, 1749, 1552, 3463, 1672, 9150, 1097, 9443, 5947, 8765, 3534, 1677, 8263, 701
5781, 8863, 3451, 925, 4910, 9128, 9039, 8609, 8339
5783, 1497
5812
5815
5820, 4545, 1119
5822, 4169, 768, 908, 3217, 1144, 1977, 4531, 2818, 1990, 191, 8427, 6241, 1642, 1937, 6855, 3553, 7145, 4042, 9097, 1600, 2966, 4839, 3890, 6630, 2398, 3120, 4207, 4746, 9273, 8017, 6716, 6152, 1190
5826, 1873, 5577, 9950, 6590, 5931, 5644
5835
5851, 8901, 5067, 8416, 9461, 4741, 8538
5861, 1580, 3603, 4116, 5709, 3335, 4512, 6263, 4010, 4335, 7816, 9354, 8273, 9294, 6699
5865
5870
5879, 4480, 8158, 3771
5882, 4385, 5896, 3473, 4647, 1063, 750, 4924
5891, 8298, 3021
5893
5898, 8616, 1238, 5146, 5638, 6106, 2892, 8246
5909, 6471, 1381, 3204, 3617, 9476
5914, 2657, 9612, 9546, 5722, 1516, 8638, 8051, 734, 1209, 2118, 6173, 8200, 7909, 7545, 6368, 601
5924, 7129, 7863, 8819, 3648, 6019, 7574, 9136, 7072, 7243, 656, 2916, 1160, 1265, 1051, 952, 4094, 7249, 3647, 580
5937, 4471, 4880, 4055, 7888, 3761, 8682, 3615, 1636, 9239, 3649, 5862, 9549, 1598, 1509, 3446, 3905, 8595, 5532, 1633, 7327, 8924, 3787, 6416, 993, 2207, 4759
5943, 1270, 9277, 4255, 3981, 8294, 895, 9346, 9096, 1952, 9205, 8287, 5009, 5349, 8909, 1037, 9373, 1943, 490, 539, 7777, 4929, 7714, 4005, 5202, 5253
5949, 1294, 2310, 8253, 3494, 3066, 6498, 8947, 7143, 8598, 9473, 5469, 3094, 7646, 2364
5950, 3072, 5406, 7265
5958, 1566, 9390, 9639, 7102, 8815, 4529, 8546, 8477, 2378, 8529, 4607, 3014, 9274, 7068
5961
5965
5977, 3041, 8485, 6614, 7798, 1906, 1960, 3092, 6420, 2931, 7231, 5173, 2088, 9839, 2715, 2523, 2092, 5987, 4755
5981, 8079, 7676, 2719, 932, 1790, 7029, 1083, 9722, 4566, 2512, 6487
5984
5991, 5973, 1260, 5240, 305, 516, 6500, 8918, 5027, 8020
5992, 7995, 5490, 5221, 3843
5995, 1698, 8908, 5883, 47
6022
6027, 1915, 3830, 5493, 2183, 7608, 4179
6028, 3871, 7136, 1382, 6798, 7309, 7736, 2192, 8715
6029
6030, 3737, 2391
6044
6045, 7074, 345
6055, 886, 7378, 3427, 9797, 548, 7289, 86
6056
6057
6064, 7641, 7858, 2757, 2927
6068
6096, 4656, 7194, 4263, 9228, 9223, 1611, 7247, 9770, 150, 17
6100, 6421, 3742, 4555
6116, 2566, 399, 8860, 8848, 1434, 8235, 8109, 3305, 2317
6125, 1069, 6370, 2456, 3269, 561, 1632, 8783
6129, 2838, 9660, 4855, 8033
6136, 243
6149, 7938
6155, 4446
6156, 9362
6160, 9147
6174, 2970
6182, 8360, 1359
6191, 8211, 415, 5683, 2840, 4840, 5087, 8046, 9566, 3966, 9534, 2534, 9087, 9367
6194, 8758, 7205, 8575
6226, 1224, 5131, 1628, 4261
6247, 3426, 5688, 2943, 320, 9268, 4709, 5520, 378, 1006, 7307, 4947, 5737, 7080, 5546, 3268, 4470, 3503, 5466, 7983, 4254, 4353, 9026, 2651, 1544, 7637, 9786, 4383, 3406, 1296, 2170
6257, 5426, 726, 1376, 2997, 728, 2387, 7946
6258, 2340, 3837
6276, 4950, 5360, 2239, 334, 6600, 9859, 2762, 7848, 446, 3006
6301, 6787, 7024, 5580, 8738, 5209, 9308, 4843, 3808, 2440
6317, 4096, 6135, 7485
6322, 8874, 5966, 9151
6323
6325, 2418, 1028
6341, 272, 5976, 6902, 9075, 88, 1647, 7525
6345, 4677, 8846, 1974, 1403, 6086, 4521, 1730, 9311, 4971, 2624, 1271, 4785, 297, 8778, 9088, 3046, 2579, 4202, 6101, 9355, 5141, 6606, 2372
6353, 4352, 2438, 5615, 3257
6372, 5789, 6433, 7528, 6004, 5527
6373
6376
6378, 1816, 7761, 3925, 9921
6380, 5567, 7942, 7935, 8331, 9520
6383, 7488, 4107, 4851, 1574, 4358, 9638, 9176
6384, 7997, 3711, 7799, 4666
6390, 4111, 7681, 5458, 8103, 9371, 3937, 1454
6396, 8112, 161, 7911, 6067, 4234
6402, 1206, 8864, 7788, 1875, 2324, 2574, 2933, 8061, 6519, 397, 1070, 9430, 7430, 767, 6814, 7044
6409, 6476
6411, 6801, 5544
6413, 9386, 9718, 779, 5044, 2915, 4825, 4526
6426, 2712, 4185, 8959, 7098
6430, 7726, 5833, 8185, 949, 7834, 4735, 7120, 6142, 3627, 1072, 3809, 6632, 5754
6434, 955, 9623, 4494, 6871, 965, 3736, 7025, 8160, 7083, 8403, 7820
6442, 7241, 9168, 2852, 9938, 408, 4687, 482
6448
6454, 5739, 7695, 3196, 2365, 2882, 8731, 3906, 1619, 7962, 9807
6464
6469, 7356, 8121, 8374, 2674, 3485, 4616, 3467, 6181
6472, 6537, 5148, 6186, 6363, 8047, 3990
6491, 1131, 743, 9746, 6462, 6058, 7683, 5407
6496, 4149, 8771, 1084, 6858, 5731, 3619, 6158, 3862, 6738, 7665, 5409, 8247, 8624, 35, 3864, 4614, 5122, 1851
6504, 1465, 1492, 7975, 9434
6505, 6509, 4360, 6501, 8886, 535, 9739, 7914, 5117, 8470, 998
6506, 8380, 4650, 3295, 9602, 7949, 982, 6419, 6197, 7876, 7552, 9272
6518, 8155, 7560, 1087, 670, 1150, 3317, 245, 1911, 686, 331, 4437, 5741, 9974, 1507
6523, 3933
6526, 9130, 7498
6539, 6517, 2411, 1065
6562
6566, 1369, 1375, 9014
6570, 4487, 8021, 203, 8106, 1139, 5548, 248, 5495, 2011, 9562, 6759, 9070, 8256, 9036, 1799, 5729, 6251, 515
6573
6584, 8153, 1770, 860, 1446, 8092, 2811, 731, 1348, 9587, 4676, 6783, 6404, 2826, 4312, 1988, 2096, 1215, 9777, 7245, 1384, 6002, 3641
6591, 102, 1691, 9957, 3714, 8183
6592, 4618
6622, 1724
6628, 4156, 6706, 8398, 735, 1550, 8882, 8368
6633, 3602, 7900, 6969, 4208, 264, 2131, 4340, 6112, 7423, 9940, 3784, 936, 3934, 5391, 4125, 8865
6642, 6014
6646, 2878, 2774, 7384, 5456
6666, 4524, 1374
6669, 1806, 8664, 4008
6677, 6274, 1950, 5830, 256, 5930, 2528, 5720, 4060, 480, 7312, 3681, 1496, 7292, 8001, 180, 2976, 7774, 8133
6686, 3208, 100, 4148, 2262, 1060, 5839, 6347, 1581, 8866, 8591, 9188, 789, 7735
6702, 4725, 867, 2098, 2549, 7054, 3974, 2109, 5089, 2814, 3529, 1625, 8542, 3166, 2644, 6141, 5873, 5736, 9177
6724
6731, 7976, 2043
6736, 6817, 5907, 1177, 325, 9085, 3795
6745, 3811
6752
6753, 9924
6766, 594, 5342, 14, 6499, 7031, 927, 7047, 3630, 4081, 8832, 582, 4295
6775, 4769, 9420, 237, 4664, 9919, 9231
6786, 8367, 3264, 8108, 4205, 1013, 5519, 7082, 5798, 9469, 4430, 9156, 9465
6788, 8036, 293, 5745, 1786, 7478, 1122, 6672, 2540, 987, 2924, 2958, 3492, 7755, 6582, 8956, 1553
6797, 9211, 3172, 5015, 7477, 2619, 1815, 8407, 8099
6804, 4882, 9397, 7059, 6645, 4229, 3149, 6897, 361, 379, 7252, 4686, 2103, 1036, 1007, 4176, 3235, 5025, 2490, 438
6811
6813, 8312, 4497
6819, 1338, 3422, 4883
6820, 4268, 9681, 2903, 1888, 1712, 3682, 3590, 9078, 1621, 4501, 84, 7994, 4433, 7642, 7728, 8080, 2214, 7236, 4296, 1124, 7382, 4826, 1741
6821, 6159, 48, 4260, 4201
6822, 4593, 2950, 5692, 705, 3282, 93, 6079, 9576, 7210
6834, 819
6839, 2425, 3839, 2225, 3576, 3086, 1451, 8088, 1695, 5171, 5587, 5921, 2119, 7285, 2496, 4818, 8887, 7422, 496, 2602, 9385, 7272, 1112, 9761, 8110, 1490, 6444, 6656, 6631, 1789
6845, 6436, 3151, 9502, 7810, 8243, 7440, 1200, 34, 3522, 1076, 5277, 2504, 5214, 8700, 5499
6854, 2227, 708, 7173, 7242, 500, 5119, 2753, 2178, 428, 3453
6876, 4381
6877, 9872, 6230
6883
6895, 7748, 3595, 1622, 3894, 6709, 7872, 254, 7585
6901, 1414, 4995, 8322, 112, 7125, 5983, 4750, 6777, 2115, 1237, 3731, 2320, 2856
6913, 2068, 2527, 9187, 2581, 6778, 3019, 4442
6924, 5308
6937, 9056, 2197, 5610, 2889
6940, 7586, 8343, 6987, 6868
6950, 2676, 4485, 2020, 7434, 9935, 5514, 6647, 4365, 5083, 7961, 3842, 5549, 2545, 384
6953, 9633
6957, 1337, 5201, 6710, 5123, 3828, 2284, 8125, 3242, 6255, 3377, 6133, 1942, 1377, 400, 8810, 4118, 3959, 5112, 8589, 2765, 7076, 8285, 754
6959, 4097
6965, 5919, 6313, 4018, 7773
6970
6971
6975, 6865, 2532, 607, 7093, 332, 6379
6976, 1347, 870, 2605, 2264, 5356
6978, 4110, 3904, 3707
6980, 9410, 5906, 7555, 3270, 2985, 2238, 7450, 8976
6984, 911, 2158, 3951, 4857, 8355, 4290, 9428, 4772, 6330, 7855, 1583, 6189, 7731, 4544, 6053, 4575, 8510, 4382, 957, 1261, 4504
6992, 9844
6995, 1226, 5445, 9736, 3285, 4984, 6852, 9422, 9283, 4415, 7473, 4084, 8961, 6299, 6842, 2961, 7461, 7351, 3568, 5097, 7101, 7325, 8878, 2180, 2465, 3833, 5608, 783, 2193, 8596, 5351, 3979, 2281, 7600, 2472, 3330, 697, 3302
6996, 733, 414
7008, 3288, 2739, 9874, 1603, 8904, 7650, 9352, 8649, 8177, 3897, 9248, 9763, 5345, 1143, 2258
7032, 8678
7039
7055, 4912, 2419, 3509, 7990, 2064
7062, 300, 644, 9748
7079, 5867, 506, 1940, 2366, 5145, 3625, 1235, 690, 9706, 232, 6337, 6224, 7457, 4396, 4800, 6470
7081
7094, 1838, 5784, 6040
7113, 6275, 3947, 4095
7114
7119, 3877, 9686, 7201, 9584, 7580, 1176, 8190, 9621, 4443, 9289, 6909, 1613
7123, 1466, 4160, 9137, 6833, 8341, 749, 373, 5369, 1782, 2122, 2641, 5951, 4007, 3349
7148, 2298, 4901
7155, 3353, 929
7161, 7903, 6235, 1539, 2033, 6835, 1108, 1402, 1354, 7127, 7657, 9163, 1413, 5954, 1882, 5624, 4937, 2784, 6063, 9676, 8781, 4658, 2422, 8433, 2726, 604, 3746, 8632, 6190, 4805, 335, 2750, 834, 8914, 7426, 4672, 5767, 8998
7162, 2677, 6541, 5163, 3201, 4180, 2620, 6219, 2242, 2827, 1570
7170, 5810
7183
7212, 7613
7227, 7974, 7104
7228, 2834, 3138, 3393, 9578, 2304, 3026, 8181, 7598, 7609, 3810, 45, 9860
7229, 1582, 461, 3358, 8070, 3076
7230, 2156, 3274, 9510
7232, 6385, 7177, 8008, 9057, 2954, 4488, 6418, 6696
7253, 4612, 5817, 9325, 2382, 4737, 5317, 2561, 9300, 4921, 5367
7257, 4854, 3037, 8820, 6824, 1425, 5136
7260, 6266, 126, 6417, 8990, 2181, 4222, 8680
7281, 9351, 8356, 4692, 7765, 9842, 6157, 398, 3715, 3403, 8548, 4621, 2267, 6994, 924, 6598, 5303, 3348, 5454, 5234, 4868, 5149, 309, 9765, 70, 2486, 614, 8862, 5492, 8912, 329, 2622, 2386, 2665, 9178, 3016, 1357
7299, 2551, 9292, 7383, 3684, 212, 8373, 2858, 9626, 5813, 6011, 4770, 8505, 3134, 3249, 8141
7303, 2415, 3913, 2575, 4397
7304, 2764, 162, 6986, 1281, 7948, 7006, 2, 612, 7071, 4831, 986, 3638, 1240
7313, 6484, 4897, 15, 1173, 3785, 1008, 9863, 3640, 9809, 4421
7318
7320, 3325, 5993, 9635, 1694
7321, 7149, 3
7330, 1917, 5910, 4309, 7468, 6890, 1058, 6358, 1832, 8044, 6829, 2035, 7981, 7743, 236
7331, 5948
7345, 9688, 2526, 719
7362, 2254, 5779, 3460, 2541, 6763, 9615, 5219, 8673, 2832, 5780, 4732, 5018, 1989, 2911, 514, 3693
7370, 2667, 296
7371
7377, 4093, 543, 2659, 1416, 9954, 3410, 3159, 2245, 4476, 9900, 1701, 2587, 386, 2130, 2321, 527, 9427, 6000, 39, 124, 5248, 5464, 7836, 9840, 5436, 6315, 4318
7379, 7674, 9892, 9257, 3202, 1645, 8658, 5020, 1155, 268, 7174, 6178, 3001, 8623, 3868, 1714, 679, 4595
7380, 6260, 8281, 661, 7180, 5917, 5481, 5377, 7636, 5772, 4036
7392, 7437, 3799, 6486
7394, 8295
7402, 9172, 574, 9005, 510, 3680, 3819, 5031, 632, 1602, 3346, 9230, 3390, 4398, 6360, 9672, 127, 7185, 353
7404, 3220, 6311, 2650, 9437, 8966, 9238
7411, 1887, 351, 7718, 4522, 6569
7412, 7655, 3950, 7328, 9967, 5777, 1096, 1953, 2637, 9595
7417, 1332, 3633, 4140, 6521, 9799, 1905, 5793, 8561, 6722, 8251, 1447, 3301, 2337, 4571
7420, 6446, 3022, 1993, 7548, 1587, 49, 4236, 4035, 8954, 6905, 6163, 1652, 5836, 6803, 5646, 6744, 6005, 2517, 3806, 9740
7421, 5593, 8300, 4363, 5591, 5288
7424, 4447, 3179
7436, 9206, 2688, 3594, 3059, 1165, 4265, 7346
7438, 6310, 2592, 9052, 354, 4247, 71, 6278, 6560, 307
7444, 5559, 4758, 3657, 4875, 2625, 8219, 3605, 8500, 3778, 405
7446
7451, 3510, 9317, 4845, 7005, 6927, 1562, 5547, 4652, 5724, 2567, 192
7462, 8400, 4401
7466, 2151, 7000
7467, 2275, 812, 7107, 5461, 9184, 2843, 4863, 8704, 7235, 6456, 9109, 6052, 595, 8870
7471, 8261, 2940, 4554, 2288, 9189, 9394, 7103, 7196, 7564, 2552, 349, 6478
7487, 7283, 2535
7490, 9237, 9235, 5926, 6936, 4032, 6951, 4584, 584
7493, 9157, 5880
7497
7511, 8773, 2010, 2851, 4330, 2270, 3239, 2302
7527, 4728
7534, 6291, 1358, 9226, 4266
7536, 6034, 4127, 9823, 9162, 9613, 6713
7542, 7067, 7509, 117, 5856, 8637, 3465, 5473, 7694, 3734
7543, 4982
7553, 2250, 6273
7556, 1449, 5551, 2945
7565, 7386, 3093, 2174, 7278
7576, 2744, 9335, 3623, 4561, 8210, 2673
7579, 5818, 5378, 4050, 1780, 3670, 3070, 8130, 9481, 5065
7593, 6205, 1211, 455, 9441, 4009, 7741, 1259, 2091, 1054, 1829, 1477, 6513, 2828, 4624
7596, 6968, 1202, 5679, 9526, 68
7601, 3091, 2556, 1949, 1127, 5331, 730, 9466, 2987, 1418, 7280, 8939, 6367, 6082
7607, 1696, 8521, 3240, 1996
7611, 2196, 32, 6098, 6171, 9831, 3898
7616, 5098
7617, 7349, 3663, 5643, 8022, 9981, 2734, 5611, 3177, 8435, 3002
7618, 8492, 8222, 3859, 9678, 1779
7625, 748, 8237, 8964, 3773, 1785, 5061, 7472, 8851, 3921, 1163, 917, 9963, 1908
7635, 4277, 1839, 1484, 1360, 6134, 2015
7651, 3793, 2728, 3779, 3205, 9021, 1397, 5398, 1543, 3017, 2967, 7244, 6391, 9000, 3135
7666
7671, 7217, 7569, 188, 5340, 2555, 3020, 1939, 3869, 1811, 8414, 7255, 1201, 6906, 9948, 2066, 5076, 4793, 7506
7672
7680, 7342, 1687, 5144, 814, 7925, 85, 3821, 1866, 1933
7696, 1615, 2401, 637
7700, 9695, 6527, 3855, 2243, 8763
7711, 7060, 431, 164, 3176, 7023, 3497, 8759, 2841, 4547, 4006, 5668, 2633, 5224, 9846, 8385, 6480, 7846, 1979, 6256, 5874
7717, 6874, 6587, 9340, 7142
7723, 5158, 3770, 4256, 6650, 8980, 2781, 3867, 5448, 3464
7767, 1606, 823, 2417, 4745, 8369, 3496, 6062, 6077, 1831, 8142, 5264, 7750, 9642, 4684, 7057, 2024, 8057, 4586, 1412, 953, 9871, 9668, 9687, 9114, 4991, 7632, 9545, 7254, 9330
7772, 5096, 1079, 5778, 8215, 9398, 9643, 9567, 3533, 9828, 6907, 662, 6616, 1092, 6682, 1248, 865, 7474, 9319, 1346, 2047, 7045, 1283, 1629, 8861, 5785, 6552, 8677, 9547, 4754, 5658, 73, 7090, 2154
7781, 6681
7785, 1827, 622, 3705, 6316, 1907
7786, 7130, 6296, 3147
7791, 4184, 3891, 2705, 1164, 5138, 157, 5389, 2666, 3089
7793, 4779, 8625, 3518, 5037, 3726, 6577, 3337
7796, 1380, 6261
7818
7822, 1059
7831, 6725, 2142, 2248, 8717, 2796, 5204
7842, 8475, 2559, 2404, 7288, 3573, 2018, 3038, 4150, 5416, 4886, 7215, 1214, 5885
7851, 7443
7859, 7670, 5962, 5986, 9914, 4846, 8163, 412, 5197, 3997, 9072
7873
7890, 5503, 4087, 3767, 66, 9063
7896
7897
7901, 8535, 7721, 5028, 176, 967
7926, 6583, 6896, 462, 173, 6065
7930, 2808, 8762, 6253, 470, 4053, 3675, 7314, 6771, 221, 3789, 1264, 9964, 3940, 8350, 1483, 7939, 2150, 4781, 1424, 5106, 3924, 5996
7932, 638, 7160, 8646, 7157, 7018
7941, 7311, 4389, 2218, 4089, 9931, 837, 6575, 1665, 4033, 5043
7955, 8171, 3955, 8938, 5725, 2357, 538, 4085, 323, 4058, 8506, 4196, 1291, 9580, 6172
7963, 1781, 2194, 9173, 3326, 889, 5941, 9945, 4776, 2464, 8066, 6964, 8132, 1549, 5152, 3131, 2431, 5375, 868
7987, 9180, 997, 942, 4638, 2165, 2615, 5236, 2853, 5857, 4632, 7448, 2492, 271
7993, 3055
7998, 225
8007
8010, 1118, 746
8018, 5270, 1000, 5854, 2477, 5573, 9435, 6739, 7968, 9055
8024
8025, 4933, 5723, 7874, 9425, 794
8030, 306, 4708, 5306, 3889, 2941, 8633, 1951
8037, 6393, 1607, 3953, 1669, 5319, 8039, 2240, 1883, 1432, 8169, 4749, 250, 3051, 5124, 3961, 5665, 1033, 9326, 787, 9411, 447, 1527, 8972, 2771, 6944, 2473, 1498, 7171, 4775, 7583, 4099, 5307, 1017, 4552, 6765, 3541, 442, 5325, 2435, 9817, 773, 5903, 9065, 3297, 4108, 7581, 6555, 7514, 5301
8056
8059, 6104, 1697, 3013, 5470, 9368, 1316, 1474, 6415, 7020, 7826
8077
8086, 2533
8089, 16, 1185
8090, 5332, 6441
8093, 202, 1169, 7821, 1113, 6878, 7649, 8696, 2670
8100, 6782, 5066, 8672, 3039, 6670, 2121, 7019, 6762, 1683, 72, 1325
8102, 8314, 8643, 2107, 1807, 6889, 2351, 2307, 4943, 5845, 142, 999, 5953
8104
8115, 5509, 2598
8117, 4228, 1762, 5386, 8805, 3545, 421, 7463
8120, 5599
8123, 8694
8140, 1650, 8401, 509, 3836, 6565, 6032
8144, 5750, 9381, 9542, 1462, 1854
8147, 8006, 5762, 8569, 7401, 7906, 5759
8149, 6972, 4636, 1481, 8320, 9022, 5428, 5370, 4252, 7588, 2860
8151, 241, 6107, 3878, 2872, 891, 847, 2374, 981, 8156, 2536
8162, 1095, 1545, 8911, 3281, 2868, 5749, 355, 9348, 7656
8179
8180, 3441, 2722, 4887, 4491, 9247, 6154, 4342, 2727, 8042, 1078, 3294, 692, 6485, 1183, 5673, 9897, 1731, 6867, 5691, 8593, 5517, 7783, 6070, 8129, 3027, 2578
8182
8194, 1961, 2187, 1728, 926, 7916
8204, 6412, 263, 1504, 5496, 6245, 5278, 9164, 4724, 6493, 1044, 9649, 7077, 2573, 9421, 1859, 3069, 9095, 8052, 2897, 6215, 7049, 2946, 9988, 1230, 4345, 6948, 9619, 2643, 4604
8205, 1526, 6943, 6397
8236, 3232
8239, 304, 1170, 6047, 6069, 4902, 8085, 1707, 5648, 4054, 2570, 6350
8240, 560, 9227, 1093, 5453, 4877, 7790, 8191, 356, 1217, 1222, 1813, 1978, 1342
8241, 6007, 5121, 9290, 7591, 9254, 8473
8255, 7597, 9627, 781, 1572, 6262, 4525, 9046, 7037, 6466, 4355, 2085, 1263, 5524
8264, 390
8269, 1946, 2631, 1269, 8217, 8507, 1184, 7698, 4520
8272, 1737, 6918, 8943, 7084, 840, 9850
8276, 2992
8316, 598, 804, 3765, 3318, 195, 5974, 9280, 4425, 5022, 1351, 7759, 8446, 7792, 1473, 793, 6229, 8291, 4538, 9240, 9620
8317, 1052, 9784, 3342
8325, 6719, 6826, 9583, 3512, 7250, 3530, 5041, 8971, 4923, 2607, 9528, 5967, 7638
8336, 9838, 8095, 7687, 9551, 1046, 6531, 1804, 4347, 4373, 3550, 5627, 7573, 3195, 7146
8346, 4444, 9017, 3229
8354, 472, 2729, 6428, 401, 6502, 7704, 3148, 8905, 5023, 8148
8365, 8252, 880, 5607, 9152
8371, 8429, 4100, 8795, 5327, 3542, 252, 3677, 2480, 6841, 389, 2923, 9990, 3096, 6300, 9787, 2867, 9102, 3544, 1776, 5439, 4445, 5366, 5718
8375, 9705
8383, 6853, 9251, 7357
8391, 878, 1106
8399, 3246, 290, 7835, 923, 4731, 8531
8410, 5113, 5689, 6619, 5143, 7256, 8746, 372, 9550, 9165, 9700, 2759, 3075, 3327, 2481, 8329
8418, 7691
8420, 6321, 282, 8469, 3601, 5582, 2377, 9912
8421, 4280, 6891, 122, 5770, 2013
8428, 2681, 7454, 4628, 5753, 1315, 7317
8444, 4989
8445, 8462, 2593
8449, 403
8454, 6309, 4630, 479, 3236, 97, 4740
8456, 8567, 87, 495, 8101, 3994, 1339, 5077, 3090, 6625, 5881, 4940, 6733, 3513, 9024, 8744, 2708
8458, 3376
8465
8466, 906, 9890, 2996, 108, 4744, 3391, 9959, 4763, 6808
8472, 7986, 413, 4635, 8258, 3816, 4913
8480
8481, 8742, 7679, 5585, 6060, 739
8482, 8834, 7479, 7308, 2327, 75, 8136, 9835, 3823, 4112, 6354, 8176, 6132, 6026, 6916
8486
8487, 1638, 6405, 7878, 8670, 310, 2682, 9256
8494, 5169, 4974, 1934, 9631, 7984
8517, 6735, 3835, 3067, 3866, 6318, 213, 7628, 6862, 3255, 8323, 6031, 1551, 8814, 2687, 5471
8526, 6711, 6285, 4456, 8002, 6447, 3292, 9869, 2200, 3481, 3621, 5227, 3854, 392, 4873, 5072, 1871, 3389, 9792, 3472, 9996, 7551, 8736, 5393, 8785, 985, 7117, 148
8528, 2707, 9837, 1589, 5477, 5110, 9463
8530, 6989, 391, 9245, 4387, 3363
8532
8533, 9266, 9013, 8468, 3559, 8837, 5223, 5686, 9716, 4414, 6912, 5034, 5396, 3351, 2050, 3499, 8304, 3996
8536, 2279, 5998, 8362, 8221, 5712, 540, 6242
8540, 4509, 4625, 3225, 3221, 3189, 871, 4977, 799
8544, 5299, 8986, 3344, 200, 9999, 4807
8550
8557, 6615, 7237, 8839, 9358, 9012
8559, 3432, 5058, 7910
8568, 13, 8245, 2474, 2743, 5467, 3368, 6540, 5536, 3397, 2188, 3722, 6016, 576, 184, 5265, 1011, 9788, 3329, 4685, 1120, 2352, 3230, 5758
8573, 1330, 1824, 1774, 9045, 9483, 6327, 8666, 8584, 1994, 873, 1218
8574, 5497, 5116, 8218, 8483, 5086, 8333, 876, 2550, 205, 6359, 627, 5565, 717, 1335, 9216, 7284
8579
8599, 6780, 1567, 6169, 5634, 7886, 2179, 6147, 5302, 2228, 8083, 2039
8603, 1409
8605, 1561, 9458, 3728, 6091, 9697, 4900
8619, 8345, 136, 3516, 6754, 9581, 8645
8647, 2499, 5755
8653, 9009, 6452, 2982, 3173, 5000, 5629, 1649, 1371, 1279, 7166
8654, 550, 6758, 5734
8660, 5660, 6015, 2862, 3598, 6810, 2277, 5238, 3404
8671, 7838, 2057, 2503, 2017, 1836, 2355
8681, 3708, 9604, 9415, 2016, 5889, 4171
8688, 776, 5764, 2632, 3844, 6607, 3448, 2099, 9076, 9155, 7805, 3488
8689
8702, 9577, 6904, 4448, 5531, 6366
8705, 1311, 6851, 319
8709, 912, 4203, 3567, 3739, 1029, 8026, 9395, 3153, 2331, 3482, 4475, 2978, 4045, 1251, 4788, 1661, 2295, 1913, 9126, 3104, 1421, 1678, 4175, 8847, 4518, 5273, 1718, 8303, 5831
8710, 8257
8721, 3000, 9987
8726, 2883
8728, 2469, 3206, 2450
8732, 3764, 5846, 6593, 7274
8749
8751, 3992, 2745, 2794, 5352, 2451, 6932
8768, 2400, 8226
8777
8790, 7233, 3797
8803, 718, 2283, 3919, 8515, 3354, 5267
8811, 6612, 6807, 3637, 8683, 8334, 6741, 4146, 4325, 5099, 8457, 8907, 8925, 8074, 4003, 3758, 2866, 4838, 3506, 8054, 3956, 3885, 8126, 6961, 5269, 6514, 8988, 5859, 1499, 4876
8813, 8049, 5311, 6130
8816, 4786, 2356, 7782, 8202, 9769, 5408, 7713, 6507, 5040, 1734, 6193
8826, 4469, 2588, 2678, 5258, 6726, 4592, 4473, 3459, 597, 8761, 6779
8831, 9663, 8164, 3958, 1609, 7843, 1353, 3462, 6594, 6734, 7058, 1810, 9199, 3822, 5038, 7719, 2211, 7780
8833, 1022, 9560, 2497
8835, 139, 8928, 6435, 899
8840
8842, 8960, 8250, 943, 9625, 6410, 5042, 2900
8850, 2459
8854, 2583, 6610
8856, 1125, 2962, 7355, 8111, 4082, 3989, 4884, 9450, 8184, 6204, 2458, 4885, 8476, 4217, 6844, 633, 6246
8873, 4506, 3222, 4012, 7334, 5381, 20, 4231, 1921, 4620
8884, 5330, 1050, 3181, 6714, 979, 1422, 4908, 3290
8885, 7633, 4780, 7075, 7484, 7950
8900, 547
8902, 5004, 4354, 3421
8906
8910, 9553, 1055, 3584, 3253, 7599, 6934, 3984, 9836, 4117, 5164, 8650, 383, 3365
8913, 7866, 7359, 9054, 4440, 8495, 1847, 4957, 9773, 5162, 1726, 6114, 4281, 3743, 27, 7940
8921, 822
8923, 170, 2870, 2332, 7388, 6151, 8525, 6398, 2153, 445, 898, 3402, 4378, 2820, 8262, 8321, 292
8926, 1518, 5430, 3156, 6825, 2548, 8308, 7135, 7407, 753, 3298, 5632, 5417, 2136, 6747, 4949, 1920, 4393
8929, 9453, 5120, 4034
8940, 976, 5699, 5858
8946, 6399, 7602, 4651, 6187, 4462, 9721, 5523, 8098, 9038, 5372, 3186, 8278
8955, 1716, 3155, 2934
8957, 9980, 2489, 5710
8968, 9782, 9457, 7353, 2339, 8452
8974
8975
8978
8979
8997, 8248, 8565, 2766, 8028, 2449, 3231, 9808, 1031, 6115
9003, 5705, 7209, 5245, 8830, 5975, 1962, 3524
9011, 7885
9023, 6979, 1436, 7688, 8877, 729, 4711, 8493, 2000
9025, 4188, 954
9027
9040, 654, 1340
9044, 6237, 5186, 5284, 6993, 1021, 6886, 7208, 8697, 8081, 3978, 2741
9058, 674, 3383, 5206, 7428, 2748, 8150, 9684, 1538, 1086, 6312, 7852
9064, 3910, 757, 6717, 3666, 4548, 9833, 6818, 1253, 5934, 2979
9077, 2546, 2531, 1546, 6831, 7398, 1, 3049, 6790
9079, 8899, 9161, 8009, 8545, 7178, 8797
9086, 8553, 6648, 8349, 6145, 4577, 2141, 7893, 3756, 9956
9112, 6008, 3378, 7999, 752, 6634, 2576, 4119, 6792, 3139, 2952, 8441, 7038, 7760, 2117, 5971
9125, 5435
9129, 7195, 4966, 9119, 285, 2071, 7158, 3946, 7626, 8073, 9512, 8693, 5483, 4541
9134, 5912
9145, 8767, 9543, 4315, 2884
9153, 2114, 5320, 1245, 9449, 8855, 2097, 7492, 215, 1595, 9709, 4075
9171, 9316
9183, 621, 784
9186, 4777, 5449, 4675, 3932, 4773, 6799, 975
9194, 3444
9196, 4701, 9559, 2582, 4861, 2293, 6113
9204, 1958, 6922, 3145, 7561, 5895, 2260
9209, 2493, 3355
9236
9243, 2905, 2600, 5078
9262, 616, 7358, 9536, 3456, 2754, 850, 6340, 4558, 531, 8034, 9217, 3334, 3751, 5274, 9208, 6770, 8566, 1458, 181, 4568, 1709, 9888, 8189, 3178, 5761, 9480
9263
9269, 8430, 2347
9270, 1408, 5913, 2763, 2685, 525, 7096, 8822, 3653, 1655
9297, 7323, 4274, 7092
9298, 554, 2859, 8319, 4881, 8265, 6774, 407, 611, 7225, 396, 7214, 3144
9305, 7086, 485, 6248, 9979, 9407, 2173, 9656, 9066, 4336, 9665, 6789
9315
9318, 2999, 848, 7803
9321, 493, 5329, 9486, 4178, 4693, 51, 2691, 2457, 1239, 1666, 1306
9323, 9747, 6849, 4582, 4264
9329, 6377, 5711, 2433, 7884
9332, 91, 8792, 2263, 4376, 7686, 8335, 8888, 2963, 4350, 1192, 8096, 9034, 3702, 7709, 8161, 1258
9337, 5300, 463, 3634, 9717, 7862, 6704, 8922, 9768, 5572, 1898
9338, 1098, 8669, 9918, 3219, 5368, 3596
9344, 1975, 3960, 756, 8440, 6198, 9667, 6075, 6585, 370, 9103, 4257, 8395, 6184, 1428, 8013, 2175, 732, 759, 3210, 5901, 3500, 4850, 7652, 2995, 8249, 9674, 7685, 9530
9353, 7928, 7193, 3514, 6138
9360, 528
9374, 2314, 9393
9380, 758, 7689, 5963, 7030, 992, 5024, 5500, 6837, 5459, 8889, 6343, 5796, 603, 1154, 7643
9387, 7629
9399
9403, 827, 1746, 1026, 4464, 8464, 234
9405, 8801, 3150, 8948, 6977, 1876, 7338, 2204, 374, 825, 699, 8737, 4025, 5786, 240, 2742, 1931, 8232, 4406, 6117, 6815, 1016, 8896, 6111, 5296, 3468, 996, 4852, 8270, 8004, 4798, 6657, 8067, 2441, 4679
9423, 5690
9426, 8656, 4143, 2434, 4248, 7845, 1328, 8648, 3495, 3165, 8996, 8989, 8806, 904, 6564, 1189, 2219, 9094, 3450, 6860, 7408, 3801
9440, 3101, 2123, 4379, 3160, 6578, 4459, 5, 484, 881, 6463, 6453
9455, 4993, 2895
9459
9462, 1842, 8447, 8602
9468, 9683, 4608, 4426, 7137, 2761, 8302, 3535, 7204, 9389, 1794
9470, 5552
9492, 3248, 9499, 3570, 7165, 4375, 3300, 4942, 3892
9495, 429, 7740, 780, 9692, 4237, 7476, 5178, 9653, 1301, 5807, 3140
9500, 3182, 3882, 4066, 6597, 8068, 9825, 6794, 9670, 3983, 3655
9522, 3768, 2202, 3825
9532, 8313, 4637, 8107, 5863, 8843, 3170, 5622, 8220, 9968, 74, 6532, 2502, 9035, 118
9533, 9614, 5487, 3045
9539, 3753, 4546, 2455, 2230, 8188
9561, 1971, 3528, 6335, 7458, 5602, 2124, 5218, 511, 862, 7630, 8722, 626, 4822, 778, 8719, 9925, 3474, 2813, 6073
9569, 6846, 6143, 1216, 2857, 8113, 8484, 5751, 4712, 33, 3610, 3431, 2128, 3074, 1897, 7282, 9349, 6520, 7996, 4219
9570, 4530, 1352, 6740, 1684, 7360
9571, 5225
9585, 9446
9589
9590, 3233, 2789, 2725, 5261, 7647, 9640
9592, 1682, 5625, 6334, 8363
9596, 7460, 7414, 347, 800, 7690, 8275, 269, 2184, 8499, 3622, 9970
9611, 5562, 9438, 5513
9617, 2029, 5179, 1536
9622, 648, 8676, 1045, 8127
9624, 4002, 3084, 6511, 3639
9629, 2613, 6131, 5518, 8522, 9310, 4492, 7336
9636, 4986, 6535
9652, 2367, 60
9654, 6840, 558, 7575, 6522, 2874, 4631, 7001, 1640, 9760, 581, 8439, 2939, 7584, 7715
9657, 8229, 7501, 6602, 4253, 577, 8735, 9655, 9856, 464, 7978, 5153, 3030, 9814, 5652, 4390, 8159, 8274, 6836, 5575, 466, 4702, 8087, 3315, 9028, 9783
9659
9664, 7537, 8880, 2494, 2201, 9889, 1198, 8386, 8337, 7972, 3967, 5838
9666, 2829, 3009, 1524, 2621, 4609, 4071, 7175, 7361, 3098, 8537, 4778, 1081, 7622, 4979, 6678
9671, 2199, 3061, 2162
9675, 3750, 9771, 6167, 3874, 76, 6997, 5184, 5080, 2442, 7078, 448, 7089, 3271, 1954, 3012, 8230, 9059
9689, 572, 7190, 9135, 4730, 3193, 166, 4090, 9866, 4301, 3398, 8306, 3881, 8610, 130
9690
9691, 5827, 6356, 1588, 2601, 4189, 2603
9701, 7344, 858, 4183, 156, 1530, 4596, 6558
9702, 8829, 8501
9703, 5444, 2804, 5994, 2635, 4369
9710
9711
9712, 7026, 2261, 9010, 1367, 9051, 7176, 1252, 5929, 3052, 6685, 7807, 6945, 1957, 5899, 1463
9715, 5071, 1969, 154, 7563, 9708, 2053
9723, 3716, 6579
9726, 9424, 3411, 6203, 7659, 3886, 3438
9727, 2167, 7300, 9339, 702, 7507, 4343, 9324, 3455, 4934, 2409, 3939, 8560, 8259, 8048, 8351, 8703, 7007, 1117, 4323, 760, 9829, 8172, 381, 4059, 782, 210, 6795, 9847, 1791, 1457, 8271
9731, 513, 9253, 1023, 1502, 9720, 5526, 4080, 4811, 5911, 1579, 153, 4001, 2350, 4836, 9737, 843, 5429, 2522
9749
9751, 1719, 2817, 7333, 2186, 4659, 371, 8769, 5010, 5801, 6072, 346, 7495, 2132
9762, 7368, 6196, 7429
9766, 8780, 8894, 4853, 4600, 9554, 1899, 9824, 1542, 8233
9789, 1171, 5443, 6394, 685, 9961
9790, 1521, 9699, 5597, 4190, 8580, 1664, 7967, 7016, 7794
9800
9805, 6211, 8005, 5902, 31, 3130, 3400, 1654, 3738
9806, 5533, 7702, 9503, 2689, 9146, 3323
9811, 2830, 419, 3723, 2636, 1441, 4076, 3042
9816
9826, 3860, 5760, 639, 6708, 5920, 2698
9830, 5510, 7701, 7004, 8644, 5923, 3405, 1740, 2642, 5814, 4388
9834
9849, 5586, 786, 7343, 9608, 703, 230, 5090, 8836, 851, 5978, 7658, 4764, 762, 8513, 4409, 6088
9851, 1736, 9601, 7052, 7558, 7088
9857, 7927, 6875, 2210, 6888, 6649, 2052, 2345, 206, 6757, 8879, 6403, 4969, 4486
9873, 1429, 5440, 1286, 1525, 3428, 5733, 4827, 3991, 1605, 2935, 6668
9876
9883, 1702, 1064, 3523
9884, 2875, 8078, 2839, 6352, 6998, 8397, 8438, 8808, 3977, 3113, 9498, 1322, 9969
9891, 596, 5700, 7614, 700, 196, 2359, 3250, 2955, 4653, 2012, 7898
9910, 9930, 669, 7870, 6279, 2731, 2662, 5888, 810, 6431, 7539, 9841, 5314, 9293
9937, 2036, 6492, 2094, 4249, 1324, 2975
9941
9942, 3029, 1569
9952, 5848
9955, 6395, 8597, 109, 1597, 7221, 9452, 2461, 3788, 4484, 2683, 2703, 3930, 8299
9958
9993, 1573, 2926, 5185, 1511, 4287, 5335, 4523, 4888, 2380, 8739, 1901, 9845, 963, 6089, 3350, 7105, 956, 7526, 1345, 432, 3941, 9972, 4992, 8788, 4477, 9858, 6933
